PSK_1  0.000  0.000  0.000
PSK_2  1.097  -4.229  0.454
PSK_3  6.058  -1.516  0.801
PSK_4  5.208  -6.990  0.861
PSK_5  11.889  -7.762  0.791
PSK_7  10.581  -15.424  0.374
PSK_8  8.427  -22.020  0.505
PSK_9  2.017  -14.191  0.229
PSK_10  -1.156  -16.800  0.253
PSK_11  0.982  -22.035  0.451
PSK_12  2.230  -27.458  0.350
PSK_13  4.365  -23.413  0.037
PSK_14  9.779  -30.305  0.171
PSK_15  1.105  -34.052  0.238
PSK_16  4.253  -36.810  0.091
PSK_17  -1.436  -37.767  -0.199
PSK_18  -3.097  -39.320  0.079
PSK_19  -6.224  -36.226  0.272
PSK_20  -8.369  -31.065  -0.087
PSK_21  -1.227  -31.132  -0.175
PSK_22  -4.649  -25.708  0.256
PSK_23  -7.821  -27.064  0.202
PSK_24  -7.325  -24.162  -0.756
PSK_25  8.040  -13.266  0.504
