PSK_1 5638156.731 7474844.633 271.695 
PSK_2 5638157.828 7474840.404 272.149 
PSK_3 5638162.789 7474843.117 272.496 
PSK_4 5638161.939 7474837.643 272.556 
PSK_5 5638168.620 7474836.871 272.486 
PSK_7 5638167.312 7474829.209 272.069 
PSK_8 5638165.158 7474822.613 272.200 
PSK_9 5638158.748 7474830.442 271.924 
PSK_10 5638155.575 7474827.833 271.948 
PSK_11 5638157.713 7474822.598 272.146 
PSK_12 5638158.961 7474817.175 272.045 
PSK_13 5638161.096 7474821.220 271.732 
PSK_14 5638166.510 7474814.328 271.866 
PSK_15 5638157.836 7474810.581 271.933 
PSK_16 5638160.984 7474807.823 271.786 
PSK_17 5638155.295 7474806.866 271.496 
PSK_18 5638153.634 7474805.313 271.774 
PSK_19 5638150.507 7474808.407 271.967 
PSK_20 5638148.362 7474813.568 271.608 
PSK_21 5638155.504 7474813.501 271.520 
PSK_22 5638152.082 7474818.925 271.951 
PSK_23 5638148.910 7474817.569 271.897 
PSK_24 5638149.406 7474820.471 270.939 
PSK_25 5638164.771 7474831.367 272.199 
